PERMNO,14593,10107,84788,93436,90319,86580,13407,47896,92655,66181,22111,55976,59408,83443,18163,92611,75510,91233,21936,89393,90215,26403,17778,11850,62092,10104,87055,50876,76076,49680,89525,11308,20482,13856,14541,57665,65875,77178,59328,61241,38703,22752,78975,43449,15579,24205,69032,61399,66093,48725,87447,75186,10145,87267,91937,92602,14702,77702,86868,70519,17830,19393,59176,17005,49154,19561,12308,88352,14008,17478,19350,12490,18542,12060,89179,22592,44644,48486,60871,53613,13928,21178,73139,36468,77274,86783,12369,40539,60442,45751,89006,66157,89626,71563,13901,82642,62148,25785,27959,90993
14593,1.0,0.4717796899905154,0.4460537754056477,0.3393306008944915,0.35766407518464693,0.5086274964087389,0.26868660419702695,0.18427439638690835,0.23661031970265964,0.33094440715192247,0.31632312196961704,0.24617149708354283,0.212808563435773,0.31326408778745907,0.3047509057267663,0.36311387603319606,0.49586421029949335,0.44475063808556603,0.21351336045880479,0.04730034661680482,0.43902522784948544,0.27874989903964725,0.2989422756812311,0.20587802539356448,0.2943054264727903,0.37362019700625965,0.4272615479325549,0.13423381755606292,0.34100722420560386,0.3291521947709623,0.2742268034517304,0.25102918716796285,0.42129486097657887,0.28912948882072387,0.17882765873956008,0.2655992063228749,0.13058527180755272,0.4602701598332267,0.2618604431688704,0.31513370761202836,0.16584210045958223,0.14894416564012714,0.4622357409495321,0.21021315174883085,0.4215850611201323,0.16244400096810982,0.28743126150953724,0.3790997791161999,0.17270889667537362,0.2575696300591407,0.28400481389076926,0.11054407329322617,0.32592197965997116,0.3637777886161172,0.14337774944312215,0.33781650867014,0.27435989501910996,0.25929955837774077,0.3141338900816556,0.2815431428918211,0.32466961542644746,0.1206057418728435,0.2664936474166836,0.15127150262633185,0.28127765291815293,0.20422744850877778,0.2076212405074446,0.22130733987054407,0.25570854759447015,0.43337081356710344,0.1854266894167414,0.30127383123540885,0.1859436506639673,0.19672012736118027,0.16416479300855102,0.35633966027921093,0.2630533143713175,0.32132294076744927,0.40149866580790605,0.22659348003684793,0.1929210878837393,0.2631221624579945,0.22829951969581985,0.3613792401046907,0.13257386269630178,0.25594167385806654,0.2765625209900795,0.4429672202786509,0.21632289973900704,0.34612887678731014,0.27699534371254847,0.1807411297024401,0.061765262002983524,0.18694037662818852,0.3109519681598301,0.3480031916216981,0.2896933035843006,0.20642061155400795,0.03635800236532801,0.2523116883651734
10107,0.4717796899905154,1.0,0.4690084573738621,0.309736473364347,0.509496629708909,0.47299506713480427,0.11758184071301862,0.3619297027333394,0.2192231777129115,0.3621845461566461,0.3597101955021578,0.19219135845887703,0.37192286519027595,0.35935839517775603,0.23502682342117273,0.40907716611265765,0.557523655318711,0.4059347407150802,0.14790538322453856,0.25448444972782513,0.4612833564978514,0.36111954538199004,0.3559139297645796,0.3101680924853296,0.35074555028686133,0.42477517688899863,0.32115071877379286,0.10567252007045948,0.3403296138102132,0.36339992156098916,0.2660597057674088,0.32982081032560207,0.4500164438150136,0.3880096579356896,0.3585294103061323,0.27183107792288624,0.2693940603989773,0.3586428698596766,0.41805709873620533,0.33540600433332507,0.2986816421936457,0.25550793149196865,0.5049004851651178,0.3563668303307086,0.40367154832108504,0.10553720915795982,0.38804903866780727,0.3472029857742021,0.20990986376743037,0.3377275521659056,0.3646946870108127,0.2941115997663106,0.3329327721510765,0.48912130383064056,0.032598321039229376,0.282627561415309,0.3160181513705087,0.24546160967663636,0.35224910638941276,0.35153364184701025,0.3051803657584216,0.13822894901051166,0.3529884089810344,0.1796146766609216,0.19658049958193274,0.20324925618731637,0.22271579710635248,0.3747495401403421,0.2655974457423275,0.34670869931992865,0.22344580950602833,0.31665536904373476,0.3284179493322485,0.16375844389862437,0.209816513246382,0.30048475257249563,0.3870316390426438,0.3566947140878152,0.30956789566999093,0.28254802428684256,0.2614586084805925,0.25871158525158283,0.25968022664246143,0.372735875364932,0.07580219833506614,0.29080986814309223,0.22648469516706238,0.2122511397717461,0.3517925604091467,0.3147424419164257,0.316794103396314,0.26190857062372086,0.2102483282642895,0.27884527262789227,0.17459441476037094,0.34246960949527316,0.3925976628830341,0.20827585018837444,0.060739357094724986,0.4128577281314689
84788,0.4460537754056477,0.4690084573738621,1.0,0.21671450203622517,0.5655624146399081,0.39357156008558275,0.3623575781447871,0.23494749762955422,0.2795922165705611,0.42576900884270796,0.3404795793370446,0.1784367854863469,0.2694763725983641,0.3135890931065944,0.16655505217036998,0.4994107293846053,0.5660599851669132,0.510254180035996,0.3670331444768021,0.3743777768660858,0.4761368006261295,0.30775640414933364,0.31396072077219184,0.24351062563737821,0.5296672209568446,0.33650716881763454,0.4139261753367015,0.12540302106872747,0.3804475243522456,0.5381112906445893,0.2704037197527481,0.2549094240754569,0.4780408198145982,0.32240378001144626,0.22018780807269853,0.24185885718978628,0.13763094988856928,0.29964643417233167,0.17601790734996037,0.40166005173335734,0.14275366861344577,0.18839679526760927,0.4506592701062443,0.31186499614204033,0.4151305124822598,0.11356871354756005,0.2914486138136053,0.37130115454565915,0.14586887687712008,0.22949067551152633,0.32198598113241766,0.23088435783704736,0.348467760570983,0.47369580415803547,0.19092335137007546,0.24621994403148476,0.2593390291613377,0.32246370854149603,0.22751678144886445,0.30208840101852125,0.3096207798097408,0.2180229114469818,0.2631689251746653,0.23801682431025373,0.14520600486166976,0.2368182746662511,0.2856531194411527,0.3681757825672768,0.35114197494187394,0.5091614966265517,0.18641115330435126,0.4065016457444656,0.22096078152825696,0.10278254579488497,0.18245949507334328,0.36928198679144425,0.20400375054247985,0.26039129342502937,0.29282459936935157,0.2758967331573442,0.20144507363382308,0.3687930093274912,0.38907977361297674,0.38735186971334146,0.33009237289921667,0.34032263804885127,0.14776726554649916,0.2631295535518833,0.23379362371611986,0.337374966052283,0.46285740479216725,0.24202930794266803,0.054067485409266106,0.2333810707431347,0.18122380818020334,0.22306160566952826,0.2800083333160793,0.11438127407423537,0.026683952720383524,0.29669170832149416
93436,0.3393306008944915,0.309736473364347,0.21671450203622517,1.0,0.23089098105748232,0.23494637835113946,0.27336118833378825,0.19412987033345952,0.24369351866708994,0.3011487920425266,0.20541267452041292,0.06422928746104277,0.2320329120164873,0.2725422078490425,0.09805202791372786,0.2346915018123015,0.30354445563032145,0.26278087683696,0.07457954191521568,0.19906662343610304,0.4422899210488449,0.23821599736093052,0.278453323017096,0.15242981543654907,0.29678968776394166,0.16144053385367324,0.1418545982618456,0.18391374099049937,0.1729499211626639,0.16364436237832947,0.13082876733513066,0.16142450702231695,0.22479167940860376,0.15548457163613125,0.1908649571682134,0.1569980231253548,-0.0160794766805681,0.12747174665084804,0.14146862304092528,0.26275998655546323,0.2036431028103657,0.20342997468598736,0.21146264991172345,0.16900799590555024,0.13876393082559582,0.07259652717736384,0.3190940139085602,0.29617735485139113,-0.008395785738025106,0.24803534775079167,0.16416477587144665,0.18452551942384002,0.2220718463940522,0.24257932148949837,0.19110414699488953,0.15777756259973266,0.18139457293121308,0.1589706836990961,0.2660318157360777,0.2316870586369029,0.28437987063662384,0.17178222891073844,0.33610366794632623,0.10509672555962071,0.13008177681836255,0.1600462208365579,0.17039387113631138,0.20572751902906683,0.13914106520187466,0.25920195089383385,0.1263330288694213,0.15195779149865243,0.11809965798676969,0.157460459858977,0.2199220292214661,0.17293982908616007,0.03178187628444863,0.14323289727518293,0.16840842126829647,0.17463693560940804,0.2154012952409746,0.07913950565393542,0.14660857319191772,0.2130936830305455,0.11254907736649292,0.2987680125409307,0.2805811723577004,0.2194025981883524,0.218996467092814,0.2542251837513358,0.10808694950025508,0.10330925139073174,0.17816124374395864,0.2203841537029742,0.09574958279133934,0.13112567719770785,0.26769601971815904,0.21595064054373295,0.004460130966802566,0.26225956706048403
90319,0.35766407518464693,0.509496629708909,0.5655624146399081,0.23089098105748232,1.0,0.31023069938606995,0.32725506634903506,0.374507276960215,0.18160917094107673,0.4417793007295265,0.28573732277982694,0.13358759972691608,0.36283246787537343,0.34597870631201844,0.24772015640233738,0.5115096586718219,0.4136868753167744,0.46172958820038923,0.24989901834919387,0.22678307818102567,0.44719926089631207,0.40899536084661303,0.3602649031801844,0.3465237862277565,0.4911104150736945,0.30748435996249357,0.3714194934952566,0.11517588074866957,0.3116605586955166,0.461392388791642,0.37303549156740107,0.3773940274512748,0.4994901817599861,0.352270438100157,0.32642363621384934,0.294105108005285,0.22402164166101624,0.25832977152272646,0.17925791257920587,0.23947916433883557,0.3703811931972968,0.13749456865579252,0.4962000384346021,0.3534641806330226,0.3936472086033144,0.2197077041234646,0.41888450680090195,0.39285570476552795,0.23083336569807938,0.28924454913698316,0.303078738920556,0.3721351548532446,0.48783689135556946,0.470159751650819,0.28175811229818415,0.3571013363225365,0.35798697066339713,0.34586010619842333,0.40582638966125156,0.36603867129992795,0.4172989230065846,0.2255074794039391,0.3537542127747767,0.25758667157385495,0.2185861673244213,0.2325394131670941,0.2943446365490928,0.3443828433364583,0.24294819436805273,0.4446242316076474,0.22042601242739485,0.34647997651451307,0.27325757148065993,0.3064726416732265,0.17997419821038949,0.4164675613574548,0.3114238844937216,0.2942627856846705,0.30631166415657846,0.24180785135851088,0.23693314484539826,0.3294995486309364,0.4172524318959769,0.47286885541150536,0.2046941728980578,0.37978677720812315,0.3180777627223129,0.31954235987443685,0.4497358025813742,0.3664184604218085,0.3425684196249245,0.4315718972120976,0.16502375641860748,0.41597829733026004,0.25932659783539536,0.33332023654378673,0.2979901069792018,0.21467113550134972,0.14480500284018394,0.34032583255381194
86580,0.5086274964087389,0.47299506713480427,0.39357156008558275,0.23494637835113946,0.31023069938606995,1.0,0.1711150489196515,0.20135956652144152,0.20698603680774313,0.34821603586522726,0.14782800004064595,0.1528648423417321,0.258604089357844,0.2922974078973591,-0.011671274310063526,0.24569850265898016,0.5027878610319734,0.2914713656596138,0.15727180844127195,0.2032973627144029,0.3800235179275609,0.08396059789467077,0.2881646294077693,0.24067023660600353,0.25682675536186067,0.3150952458298495,0.3343421067060396,-0.033760532199649605,0.18630748653961005,0.24772070607247113,0.20414692260616607,0.1149797993185112,0.25963907723446156,0.07229597377823534,0.2182125354645045,0.21389281368826815,0.06975605075384475,0.3759121639855347,0.28725056738730737,0.45244450517746876,0.17987237133508183,0.09979956994600625,0.41158831910525545,0.1046027356790054,0.4017914897524588,-0.004229259893500567,0.28416742543136164,0.38548858840409866,0.0536746674938236,0.2812287982230976,0.3430174303938132,0.23593216405758768,0.23514102785414231,0.38513124671803495,0.06634440160105544,0.20056175206947846,0.4355798257762647,0.08838528051143,0.2830858982395887,0.22837195577562888,0.26778769143560305,0.09756162375448621,0.2212452858027368,-0.003371044880244216,0.280966727547812,0.14726919848933903,0.22177527583609707,0.3078765428011835,0.09786267809236447,0.32257717983124873,0.2856494936312134,0.30351242591665706,0.317075521663159,0.15789968170725505,0.10089373516254267,0.363121256284764,0.2863252964764504,0.33016091965475847,0.42544885383939035,0.3812138322917805,0.18068689769909946,0.22268953086591703,0.2018424682669189,0.3192348503034572,0.08420219704841635,0.27452529530172737,0.2492263560895372,0.3289226367658281,0.2695421800174706,0.27505065645080384,0.13457186709759605,0.14197426673823907,0.07822757579878109,0.2193739050782322,0.1343418861114233,0.277112908242345,0.30328849154567544,0.15616541846605317,-0.10865159451212773,0.23257817054148736
13407,0.26868660419702695,0.11758184071301862,0.3623575781447871,0.27336118833378825,0.32725506634903506,0.1711150489196515,1.0,0.16773329666522246,0.2687255612688735,0.3052619491075548,0.20448312195922388,0.0807557154976277,0.2770961414159303,0.20868483081912742,0.15459345042522774,0.33093362764582857,0.4093645614275303,0.4225601569785615,0.18448613729760627,0.3036877176853558,0.42284472219102903,0.30638852188565197,0.21384805669528345,0.17608539284600905,0.3076283220148695,0.2746324672549672,0.2215071284389794,0.019771952479683677,0.2249012427915569,0.2870152209976187,0.3009347685457575,0.1961745248308087,0.203338030501656,0.15588995363431185,0.17005082537957916,0.20534487074158125,0.09530385485932122,0.1761415281073085,0.034959237392203815,0.18695717451207178,0.1560477434324472,0.07776108489702381,0.3028247210257222,0.21550655120188486,0.3896958396699049,0.13768143741788896,0.27628677826428105,0.39907512786832766,0.11386684807811862,0.1472647920174328,0.16720531534140176,0.13358044927845616,0.2925730341634529,0.3196920681409181,-0.0205397696403572,0.21575293642489124,0.26264596271058477,0.30939006059385377,0.23473144428191525,0.2473197566232567,0.31769530195118995,0.047285636088707096,0.13890568050029134,0.20564600937681557,0.14194293956017617,0.19861533802941966,0.15372938394537444,0.21082650076088746,0.18180082224423066,0.3983207722857085,0.23479356577507254,0.24804578899467813,0.17570427130391014,0.21448363175791405,0.1518210065184437,0.24367122316297168,0.14898633437164385,0.283670566009164,0.2352307677621188,0.11141320426536898,0.15282047273786098,0.28964578413836367,0.38433116796367656,0.28808800843373816,0.2375121166724911,0.3555583871052461,0.24825153884297826,0.27642147397692457,0.20595667392916903,0.2379171909317483,0.2760558961497952,0.22309988819877605,-0.01116376616438385,0.21747858395571062,0.1800597754993508,0.17359284629896424,0.1585626426337582,0.21094545902081752,0.14344066505360037,0.16332844026300378
47896,0.18427439638690835,0.3619297027333394,0.23494749762955422,0.19412987033345952,0.374507276960215,0.20135956652144152,0.16773329666522246,1.0,0.37640271916801027,0.3942637746767301,0.42279020329473904,0.13643047672921382,0.8601816342502324,0.686023919651086,0.18705653810514228,0.4108682460414507,0.2764905961300241,0.46911940093470605,0.2916204551454027,0.1446443621698645,0.275093987235287,0.6479916355148398,0.7009933862972025,0.6016661501224051,0.27139084189845913,0.4739998945110304,0.1814919342182119,0.06881828292086069,0.42641332465674275,0.2422067550206232,0.49539825647170876,0.34150192831007586,0.328325373503967,0.25440330417656853,0.603917208672458,0.2409742273532525,0.15488637778056463,0.3086003503652999,0.2756486332280948,0.339023932128882,0.7675167864716829,0.1851487018575286,0.31517561889930557,0.2786071782451299,0.4519130218433034,-0.0665905511330775,0.8550212925383415,0.34224599664047334,0.3368153640348339,0.4968303149251769,0.35617369215542793,0.7280260592011422,0.6407036198447961,0.6269771729173037,0.14971457921134,0.344100816480717,0.5485355125791787,0.3255133875659975,0.8327939619139886,0.8647100820906657,0.651162308642587,0.33989424602786933,0.6893483868224923,0.3633652590866236,0.24066083458732979,0.4531072120056705,0.3247248280159292,0.2332174985610372,0.2505226721958777,0.3363313474629236,0.5326241160594286,0.49902194862797805,0.4940493357449666,0.5082695161167371,0.4075410311886425,0.4734097999873587,0.4126574903910938,0.46709216134739123,0.49413068672924204,0.36377437172551585,0.5780909702562341,0.3885328005998987,0.3934582918945918,0.39910518410538603,0.1287838992582428,0.5005050240632276,0.5517103255824389,0.38589124131692915,0.8616179292052629,0.5273677618860763,0.2721269427774589,0.8144167438118594,0.471450007711587,0.814494080746013,0.21266911438341285,0.33975621173338505,0.489157753634881,0.5167493487331885,-0.019813487719412656,0.4230117017091625
92655,0.23661031970265964,0.2192231777129115,0.2795922165705611,0.24369351866708994,0.18160917094107673,0.20698603680774313,0.2687255612688735,0.37640271916801027,1.0,0.3955672562969562,0.4000373799864278,0.28220057791087444,0.4417543559156458,0.4081776760825761,0.16398140960284266,0.26359783429677847,0.35174807252397045,0.2871837215016535,0.37106719724177045,0.10605259418295934,0.2538122034503253,0.328546222251783,0.4138492639414569,0.3227108542626667,0.30023016378959283,0.37855176795064494,0.36507576187160246,0.17998489131748788,0.33187345751017855,0.24542894709321397,0.2547551481627191,0.29139974924587225,0.2996442715143374,0.3002932259131898,0.37709425149071746,0.18497247335820605,0.2153454430162856,0.07934906126197959,0.09264981340995065,0.34593147244899625,0.3943824506022391,0.3238693162071117,0.338586354059183,0.25808727932473424,0.26585587095087254,0.10458570605955209,0.36654800680635896,0.3640870694969818,0.11323300908196408,0.4860672349195691,0.3916893260587133,0.3422759714415243,0.4168432893755818,0.3717523305833513,0.05631737589714253,0.1291351724576467,0.28438244459674433,0.3453975141086662,0.3406414212336787,0.3905338611215399,0.4328645918615534,0.2664797102634738,0.3812405250083956,0.5151883181650716,0.38114306793737934,0.18169347580259398,0.24037324736879745,0.36845858795719305,0.32174864838622064,0.4050370327381238,0.22037559430663864,0.23145158385928633,0.27794505498683236,0.13482510987677393,0.8188452022147936,0.46205260375277407,0.4253187606711802,0.1808873105080908,0.2536039284380263,0.08751808593976139,0.2796990357683911,0.32053679770631444,0.40591650016428615,0.40694357599313513,0.1769700207702513,0.2578616568958744,0.251227614200739,0.32439223989893096,0.42434704418699887,0.47553292472418934,0.2697172249328486,0.3858589660739161,0.2811995572266157,0.3777405381275619,0.20426649101442015,0.23339694383126855,0.3883743987427724,0.1926350496404956,0.1629530294093137,0.3215631167989023
66181,0.33094440715192247,0.3621845461566461,0.42576900884270796,0.3011487920425266,0.4417793007295265,0.34821603586522726,0.3052619491075548,0.3942637746767301,0.3955672562969562,1.0,0.33922286768695525,0.26025404618044456,0.4130031871866352,0.5013331837384383,0.37305251435362685,0.4256378953659377,0.3585677447334971,0.45848953372083745,0.40812351869757524,0.14761503172220244,0.4189513396154108,0.3416955526273265,0.5002797293016844,0.4185895512757037,0.4730749732097725,0.39686787749336233,0.5791980940093858,0.06674846628212064,0.406237524005885,0.4836955103408205,0.34728058314647703,0.40236715234103493,0.484615225024703,0.4886116930857052,0.46702281574313775,0.3388450652839687,0.2169944638585678,0.357614285468134,0.17065307461654633,0.36434946062161394,0.3493624889395101,0.2617386270670671,0.4195934151940499,0.4598420478602735,0.5136662034487889,0.1457709010273796,0.42847047055011284,0.7931358165960943,0.3431397106810105,0.5062266744878349,0.39695974100758796,0.3230138520356902,0.5115892552156756,0.5625963969831762,0.13320391602141937,0.18457816963293278,0.4174457003660672,0.3189271405138568,0.4132210078749758,0.44192391250616714,0.49731546312855796,0.32394453887797,0.4107074292246932,0.40400887297394894,0.3921027575409334,0.3192538320858878,0.2843547091892384,0.3363879433960769,0.3920600015871728,0.4886443836565232,0.32794763587357695,0.47838773942138707,0.30944436861238417,0.17713098390877705,0.3766223178310589,0.5149374921846487,0.392211241642078,0.28857729734284865,0.4022712524799668,0.1966946852208427,0.31840497684646973,0.4849489088395105,0.4027218524896414,0.6603033066654419,0.2733707664377277,0.31541599051803204,0.4594084698540445,0.4551384441824666,0.398006962029831,0.5104312159621961,0.3472906626902847,0.35795055055224995,0.3525481385947714,0.3547867671407199,0.21629759195775894,0.3943174450034184,0.4662112232679784,0.3490273522486313,0.24197438205738928,0.470460351212631
22111,0.31632312196961704,0.3597101955021578,0.3404795793370446,0.20541267452041292,0.28573732277982694,0.14782800004064595,0.20448312195922388,0.42279020329473904,0.4000373799864278,0.33922286768695525,1.0,0.45861664031771965,0.33691528874393223,0.5763454393951676,0.4793651441910165,0.3669730240335148,0.3531842201316226,0.36440951768116453,0.519397130955173,0.055957264259662215,0.195142063419625,0.4490965744902136,0.5715231030355767,0.4494544701783236,0.4266180729786842,0.43391043305500493,0.4017481596680633,0.3997115183000958,0.34378170349756576,0.4363524256069267,0.4820667492570752,0.5548362847491582,0.539662450323411,0.668634615702447,0.42510101382538773,0.22864068068757556,0.5080658184164868,0.25647302741559286,0.3363667524151439,0.2358212768765714,0.3449507984514172,0.39623356246422214,0.4043666138076003,0.48836469773243557,0.39722441769327727,0.4031476335779706,0.38260997052182133,0.2986624863528187,0.4057787722693409,0.40428179155276295,0.32210452325315825,0.1865935854725521,0.52811900977992,0.5091301484091073,0.0618418158440728,0.5392902274611732,0.3048290602330452,0.324566267137751,0.391865362152247,0.44517674098695165,0.4874562113451802,0.3892325588129298,0.3969131484945887,0.38868462256216835,0.26777006796958114,0.23991782130918957,0.37504964957411874,0.24516945954404787,0.46189827541765216,0.33256512160147855,0.2898702787238207,0.3596068760215983,0.27411275540537,0.18187193766006038,0.35208214843118096,0.5933705020254976,0.3334220386165876,0.2495037031538527,0.3419257708424542,0.18039177013699642,0.29484413625679323,0.4642109529350679,0.4870803884234207,0.37695377286561416,0.2611707916962615,0.28672032844244943,0.2042599485114113,0.26899564461935294,0.36105396259556044,0.4916249341041186,0.5359773386824881,0.30167163271825453,0.1931727958069986,0.3154334813932741,0.500332062297411,0.322469775693908,0.3494698994605177,0.22820392870765926,0.45584596062517346,0.3633101635622837
55976,0.24617149708354283,0.19219135845887703,0.1784367854863469,0.06422928746104277,0.13358759972691608,0.1528648423417321,0.0807557154976277,0.13643047672921382,0.28220057791087444,0.26025404618044456,0.45861664031771965,1.0,0.08528692006449123,0.4013732258781371,0.4353525030124283,0.16933405599163956,0.18920788887048806,0.13082204501305947,0.2876152654060893,-0.05852530007507533,0.024000478513704637,0.1814114551392057,0.40014460809368535,0.12327528238513258,0.34563101425790976,0.23372358174426436,0.4277012025865334,0.0622206908605129,0.16897910053993564,0.20181855662585046,0.35931000548530756,0.4249271349276994,0.25897320491891546,0.4187862943258201,0.1336423876502631,0.20146911216750998,0.46086447234118166,0.19831195152340633,0.07519082563341009,0.0834838572201568,0.15651404810027242,0.3351977735028247,0.25767196021115196,0.3276573660896074,0.18516365766154164,0.37959206470541057,0.12635170277898053,0.22480959298740377,0.22939281272863996,0.23875941908782572,0.37878998294908106,0.047881294042291314,0.33631859228002065,0.28569488375179575,0.14303562581656395,0.20108579624068335,0.10062921744164903,0.07289170264058571,0.13400886763730824,0.1452032210409995,0.19474809063186535,0.09718875668626034,0.14168223310287908,0.34091354978738136,0.42167474359235413,0.12669704575889765,0.2437220733158227,0.20451330240638319,0.14218511935254102,0.20761655246378974,0.19718175687680883,0.17654860315874904,0.047313241375181746,0.015722728616430055,0.2631131225656725,0.3168800444470813,0.25674334938743804,0.043654295914412486,0.12607748583936068,-0.05716072265358449,-0.0014092000728427748,0.24054733632432804,0.30422772414912586,0.23079422366410599,0.004847837601821092,-0.007065561802515686,0.07874594534066058,0.23183960121411137,0.1703107860849882,0.28983374062688994,0.34176078989802955,0.15366606399216243,0.13528871657869515,0.09800121102290973,0.26350590787525263,0.2199168255490455,0.19767273929612228,0.06350046252822214,0.358915154911178,0.311902380645018
59408,0.212808563435773,0.37192286519027595,0.2694763725983641,0.2320329120164873,0.36283246787537343,0.258604089357844,0.2770961414159303,0.8601816342502324,0.4417543559156458,0.4130031871866352,0.33691528874393223,0.08528692006449123,1.0,0.591965921279554,0.1311976486324092,0.3720854008619377,0.3352686060748525,0.41836515736735796,0.25538994607275767,0.16843734907450994,0.3734858432153841,0.5104942204794641,0.6092643246013942,0.5259029204657183,0.25448495042184527,0.4648390230807839,0.22052735232233509,0.057064742802601966,0.4358105468586781,0.2594316174392568,0.45988000343370744,0.22697162311320335,0.2890264025126974,0.18018158873268647,0.533199488650481,0.23776070731241436,0.07372340327951979,0.22231089680055152,0.24218878442782737,0.30694170124154185,0.7461974746864187,0.22213900712507306,0.34152420910851017,0.24012654573521172,0.4738647822694651,-0.09573552298504766,0.8087769672800558,0.4007474492872875,0.22515189881747105,0.5502119181114297,0.38197730997213675,0.7288810143777197,0.5629159490895265,0.6229910118278248,0.028739942314200687,0.2652272182046731,0.5103924781663005,0.3484355636946325,0.7755925906643297,0.8291225703778102,0.6025389117313456,0.2511450546961984,0.6464387412020881,0.29257840575924693,0.20117743203611674,0.4369545570370559,0.2983421651945452,0.23524696241142679,0.3035863169296605,0.41023965758864644,0.5012513682837513,0.500806606591034,0.4779909245840657,0.4277438897421309,0.47865401004587776,0.44254403418529736,0.3717990241758388,0.41766153897112523,0.5181620334862689,0.3716271328084188,0.5692491572618068,0.43484427615100896,0.3830514296076645,0.41913538375654774,0.18604741630411772,0.43114716129294134,0.5076981359658514,0.3341964693788653,0.8294513250527116,0.5053761201168416,0.23763780793460468,0.7577098688556231,0.3615460793467931,0.7622789473616455,0.14237302308656152,0.2733179399174709,0.4949298086740118,0.4730580734776445,-0.030538964607115134,0.3492402198415531
83443,0.31326408778745907,0.35935839517775603,0.3135890931065944,0.2725422078490425,0.34597870631201844,0.2922974078973591,0.20868483081912742,0.686023919651086,0.4081776760825761,0.5013331837384383,0.5763454393951676,0.4013732258781371,0.591965921279554,1.0,0.394538006918682,0.4788472628819703,0.3101211678517946,0.4923672393369695,0.4176689648598091,0.0937968446024234,0.3200785560559654,0.5824549018884302,0.9947402374242459,0.4884766723986336,0.33337389388862,0.5500663884634762,0.40886284684551333,0.04104530358014406,0.4448742891192702,0.37678900643859553,0.5236362970046844,0.5670527951170129,0.4187715166376775,0.48847073442302663,0.5028135048190693,0.3186915108448226,0.3529714041620355,0.38020459586913413,0.23135311962945518,0.40597543529867175,0.6432856723124504,0.37900122426023924,0.4059719340886108,0.45749597440895057,0.4738741882208821,0.1788594133514905,0.6477118060395727,0.4422761831914795,0.4206992564113264,0.5883714958974947,0.5632444736817259,0.4633807639424461,0.7204091051487439,0.6440506667596141,0.17849552967171714,0.4241920772586191,0.4826343862706193,0.3998278814338875,0.5973040172396046,0.6261701219017709,0.6327285287527851,0.39401178507030593,0.6219101480093928,0.46860677141822615,0.41234329048164514,0.4717112878114288,0.45417146766719063,0.32152567319080916,0.3465081953966998,0.3140264457169397,0.5720853008008039,0.5206019090236329,0.5277337352492953,0.35997988477307996,0.38723248100744023,0.6277624403808725,0.4234143665677684,0.3678201209144485,0.4273993689262345,0.2929384782154396,0.38345207113256113,0.518723117619915,0.5181862383591125,0.5392066015410384,0.2010738513104309,0.4847609138224603,0.39459587849159955,0.5055384725850143,0.6605142628063359,0.6116839907897166,0.44292889767602733,0.591666150783391,0.46559433803984196,0.5667820167353088,0.38462821377895806,0.4172300582754997,0.5155350997306013,0.3765482990661293,0.21667168315642218,0.42755134801717953
18163,0.3047509057267663,0.23502682342117273,0.16655505217036998,0.09805202791372786,0.24772015640233738,-0.011671274310063526,0.15459345042522774,0.18705653810514228,0.16398140960284266,0.37305251435362685,0.4793651441910165,0.4353525030124283,0.1311976486324092,0.394538006918682,1.0,0.21172338690391343,0.14025465331007847,0.24757930377243187,0.33364766855606287,-0.05240773025710437,0.11127041422087763,0.2594609408267609,0.3922153423099774,0.19062521233248744,0.32088715624021263,0.27185200457240366,0.4411663178366288,0.10535109689048316,0.21642193678837524,0.3290729659309873,0.4379766417692845,0.5151202001447596,0.38225480020482094,0.6781688007877845,0.2549997866706342,0.21923859166848503,0.42855709551124566,0.2928936738451003,0.043853207533641754,0.15023486113741596,0.16179545032743764,0.3384200457712005,0.2920076327882797,0.44444110469016623,0.3427650180194258,0.35616524877881967,0.2203586572698015,0.30014203968340475,0.41416971628011323,0.28044517860670076,0.35994715988155496,0.06280965752772556,0.3748767054568795,0.3379570208733768,0.10020915208647047,0.4761634807147569,0.17005944015365115,0.25378904559625565,0.22541864680067192,0.24191451186818883,0.26653214080523346,0.16426322455547807,0.16296361413735075,0.2633845388628497,0.1719072278041286,0.1091517066043228,0.28095829106795756,0.15192189636936645,0.29944730371314005,0.272454368498481,0.23525753025497642,0.2485452115574639,0.14396553681122404,0.1307927938471121,0.1928741142359537,0.3727767172465348,0.28873560682159216,0.2235685646140844,0.20460885427079098,0.061405561061951996,0.058086109239095844,0.23769593106605025,0.32021339137543,0.37297148673089103,0.11732386124820744,0.15634446767484952,0.1823097223919935,0.2533524185536569,0.18258699368223325,0.40901361805744263,0.4909956495030213,0.2645956550425966,0.14116518271227085,0.16068099899918212,0.3743514241673295,0.2618325840429464,0.24125920106092275,0.17866759012167058,0.4199022986354184,0.3381676674438361
92611,0.36311387603319606,0.40907716611265765,0.4994107293846053,0.2346915018123015,0.5115096586718219,0.24569850265898016,0.33093362764582857,0.4108682460414507,0.26359783429677847,0.4256378953659377,0.3669730240335148,0.16933405599163956,0.3720854008619377,0.4788472628819703,0.21172338690391343,1.0,0.5611497347359194,0.8804365766411769,0.2483833361575634,0.2239015663311718,0.47944835753252874,0.5790548101128201,0.4692680473716094,0.41482844666345,0.33466962854154764,0.4291275254886849,0.3944373000750898,0.0867423472220166,0.40481433292129754,0.3757962997199484,0.4851803772212338,0.44941859116789173,0.4015282979369689,0.39378103420134575,0.39251331082685104,0.35652101487593146,0.27378875427292654,0.2676582064638792,0.3172281133337721,0.23271453523544278,0.43049321737830326,0.31051699813194017,0.57509842614065,0.4166643112854536,0.4254119963265089,0.08373525845367942,0.4452519246235146,0.3926797939418445,0.2505747607288113,0.39292740079355637,0.34933275560800164,0.31845799185620505,0.647382959041562,0.4384113927145593,0.3471180942033299,0.3690035066480432,0.3614861342809618,0.4219371655934877,0.41789576152055097,0.4753705287981916,0.54813284050795,0.3382605873689887,0.6308104152181777,0.3247663743782713,0.2859887245926701,0.47894862147254796,0.42499430121234627,0.47023580294752254,0.4364050220693043,0.5561445756885287,0.2687056468546234,0.39126479757147087,0.24717343048605173,0.2689491154707568,0.22143418972873433,0.4526185633592081,0.4058832276793771,0.27844364567567664,0.38540720636985243,0.32262495006904995,0.3477585567499405,0.5129620643401046,0.5994202980893202,0.4114361024634736,0.11443931466397242,0.5671065937173861,0.2937769818063197,0.47894753942961854,0.4481321981032526,0.4931078845897463,0.42682429206348976,0.43940128530750694,0.3506742521983204,0.3487098501582987,0.2826097192606021,0.4964490330444465,0.42624917760104936,0.13725253814463476,0.08047019207480079,0.4670304058294645
75510,0.49586421029949335,0.557523655318711,0.5660599851669132,0.30354445563032145,0.4136868753167744,0.5027878610319734,0.4093645614275303,0.2764905961300241,0.35174807252397045,0.3585677447334971,0.3531842201316226,0.18920788887048806,0.3352686060748525,0.3101211678517946,0.14025465331007847,0.5611497347359194,1.0,0.5753329053052683,0.22069483206078871,0.31991659576293624,0.5771372726548207,0.4083925271892383,0.29375320339887573,0.27298167757728053,0.36687860269624256,0.41548993652762134,0.3019805691425675,0.17277235704000163,0.3139801673703774,0.4394175716290272,0.31808824210489756,0.3739876976756424,0.3888396825318655,0.317366672475975,0.2553026366671954,0.456581806879081,0.07644122300619333,0.3071786717370512,0.3411627425270803,0.3390716397455176,0.2365239818353805,0.1849359671613072,0.6001591073328404,0.3320123092154539,0.47967342829763737,0.183943865939642,0.3595304984181138,0.41565177242198165,0.0482004268290333,0.39440449755308066,0.3512086275088333,0.2888664619803534,0.46373828530240685,0.5093539568680615,0.11030754681534524,0.3004917038666095,0.41562742615641685,0.31178854890847674,0.3209872272008263,0.3555745143449234,0.3912822483874361,0.14188024997284307,0.4318125748057177,0.17489264133232665,0.2244345074340763,0.3367431388549663,0.31208823248491135,0.44170572415353215,0.2372178767979652,0.5444224921521331,0.2685284088456498,0.3781090353340083,0.25885965458502397,0.15970495849785313,0.26492511014637987,0.41322552578031824,0.3505785086554142,0.3518937344421076,0.4383159519610988,0.3590558635958243,0.2755395583829921,0.34088456327165345,0.3953016095040476,0.3726831737564215,0.14120736782890175,0.33650015418338625,0.29171589792076474,0.34152364769896615,0.32259159137017507,0.41400524436567593,0.38619694752575084,0.2672608439316014,0.14331048365403168,0.267131160728556,0.1556970015200699,0.48736736317369783,0.38226801057253773,0.23397296439990223,0.0898247265351486,0.3418510817855243
91233,0.44475063808556603,0.4059347407150802,0.510254180035996,0.26278087683696,0.46172958820038923,0.2914713656596138,0.4225601569785615,0.46911940093470605,0.2871837215016535,0.45848953372083745,0.36440951768116453,0.13082204501305947,0.41836515736735796,0.4923672393369695,0.24757930377243187,0.8804365766411769,0.5753329053052683,1.0,0.23193788299187942,0.2822108145304178,0.521848243015117,0.6021180495656481,0.4893895391470301,0.4714721019442067,0.3019139246994721,0.4321085689682863,0.35195494875527905,0.022067635213218015,0.36607946023095533,0.34825762473447086,0.48405967535106953,0.46433597380363534,0.4333348741749846,0.3944474982531341,0.4722140233840021,0.3517552895940079,0.2372995619724028,0.302519988343474,0.3093901946909691,0.32263800833016015,0.4401458682150463,0.2266261240527786,0.5631079873299494,0.4080237392234988,0.4986394464120652,0.05784867737630767,0.495465381061391,0.4243476135193455,0.3057876619456885,0.44927787448404316,0.34767386289112123,0.353759431782375,0.6192100390063949,0.4475246021168861,0.2938173077220079,0.38371393137659715,0.4080635351748955,0.43855047835659045,0.49687700543455965,0.5537136991322975,0.6076321457496651,0.3527782844509932,0.6546343598874884,0.2781280680430884,0.36706276748037686,0.5244544158725979,0.3979557638508858,0.3792389170551679,0.3614552136626307,0.6203179219176271,0.3675707072249212,0.4780570834639289,0.3135928344904396,0.3116084460117797,0.2832126271526325,0.4413498213295532,0.39590373076629204,0.38497732897291076,0.44045859163143514,0.32528505277066994,0.46746911720238976,0.5298906411193192,0.5811374933982036,0.38931596899778564,0.1579635186346549,0.6149667685637004,0.3754766887695803,0.5354143273238403,0.4714800919803566,0.5220563993677162,0.4861938117326957,0.4563206796570317,0.3636960684762192,0.40433434514887046,0.24319252752042544,0.5403027335987657,0.4618592865054766,0.22607195879524852,0.057934966027797,0.474364435973796
21936,0.21351336045880479,0.14790538322453856,0.3670331444768021,0.07457954191521568,0.24989901834919387,0.15727180844127195,0.18448613729760627,0.2916204551454027,0.37106719724177045,0.40812351869757524,0.519397130955173,0.2876152654060893,0.25538994607275767,0.4176689648598091,0.33364766855606287,0.2483833361575634,0.22069483206078871,0.23193788299187942,1.0,0.020996545567453583,0.16123373591073184,0.25378301839762574,0.4154867330589191,0.23383910732755758,0.4386043317407784,0.24762412853349888,0.4981720164374988,0.22034428576148357,0.3618790502155486,0.4910216700196782,0.3461019974723522,0.2668926028342111,0.4889188712694004,0.4141357754009437,0.3340991419346473,0.17267056529883723,0.32059344425179775,0.3789527387594042,0.041260502448052266,0.3938565869415277,0.2446226832215583,0.2925580720655892,0.3406775758978827,0.33589381639489124,0.2390430760233135,0.2920165360813492,0.2630419312667762,0.3132358372561901,0.22802674692308475,0.33754745769956684,0.2568795810830463,0.2000574657161435,0.39327727308308535,0.4118003600863697,0.053961333717507755,0.21764544513572076,0.2169066296104987,0.28050500602960726,0.22835656030186538,0.28833212513666845,0.31451227880761423,0.3525247299209936,0.22927958579735574,0.3821651028268286,0.209016181626119,0.11255055749322974,0.28358413301105434,0.273748169521845,0.42654090022207797,0.32709705048628884,0.2296215684546106,0.2995416517846901,0.15805682303101906,0.03789987965965981,0.3375548899236432,0.36039936311614285,0.19343967406963578,0.18127997601555526,0.18103207484821077,0.15106936010784588,0.2042797608054081,0.3838084551958547,0.29313909522493964,0.4608272167018992,0.242264946556942,0.17619724261386946,0.18694240199755838,0.3498650833378153,0.30433115511891234,0.4767677061859455,0.3625018581305827,0.18904951671169323,0.22007591769993623,0.21673272891752837,0.24725249215657147,0.22001740245306242,0.29688533970994535,0.17804868468539548,0.2530989673590114,0.3141965313697877
89393,0.04730034661680482,0.25448444972782513,0.3743777768660858,0.19906662343610304,0.22678307818102567,0.2032973627144029,0.3036877176853558,0.1446443621698645,0.10605259418295934,0.14761503172220244,0.055957264259662215,-0.05852530007507533,0.16843734907450994,0.0937968446024234,-0.05240773025710437,0.2239015663311718,0.31991659576293624,0.2822108145304178,0.020996545567453583,1.0,0.34503031353417574,0.16195559606473184,0.09515792718947022,0.09979701752977083,0.2732022143266768,0.17119618544255313,0.05033354068181924,0.06417720661641121,0.12297874009754031,0.15710190020268308,0.05346003625942629,0.016140761741129963,0.20617818380381836,0.025129314636304755,0.07913529433714736,0.09717737495058662,-0.015300399685418213,-0.007986895837475513,0.059889851558506936,0.10399299677826791,0.0871315364405987,0.13103215981238875,0.21143074567242898,-0.04313058148653063,0.2191034360809428,-0.02884423147685215,0.26074283020966504,0.20100449809973264,-0.07396098005822349,0.10273042829456548,0.1062734367413893,0.21956374176284654,0.13460483662569675,0.26457745974939395,-0.05457360462665244,0.13705703033707986,0.16142607297186343,0.00540158195400463,0.24486184878631082,0.23596106535070968,0.1585598584798955,0.031093047167962948,0.12669002647138974,0.07536388201330635,-0.01857316311802923,0.1758697110138485,0.09172516244518925,0.2735231638788489,0.03600532828070394,0.2337097894249497,0.12286771216123564,0.1631794524583569,0.1409977389090369,0.09588050762808,0.15757998996047726,0.07474033750928893,0.11637060924627353,0.2497835437776325,0.12450866712478217,0.1802725062392842,0.14269248926374692,0.02341458604999385,0.2716907556152304,0.0541983068011571,0.29907322819457965,0.24438540608249237,0.061722899921565655,0.043272781339975724,0.1326956300620549,0.0824192586907155,0.22380746834672566,0.09316938526237292,0.05739464208618647,0.07404909949457875,0.04124358291912006,0.11397692661582323,0.17202727995380473,0.10058840390948415,-0.036845030307780316,0.12255741192260926
